0
0
0
0
0
0
0
0
0
0
0
0
0
0
0
0
0
0
0
0
0
0
0
0
0
0
0
0
0
0
0
0
0
0
0
0
0
0
0
0
0
0
0
0
0
0
0
0
0
0
0
0
0
0
0
0
0
0
0
0
0
0
0
0
0
0
0
0
0
0
0
0
0
0
0
0
0
0
0
0
0
0
0
0
0
0
0
0
0
0
0
0
0
0
0
0
0
0
0
0
0
0
0
0
0
0
0
0
1.97626e-323
1.71441e-321
1.28492e-319
9.07411e-318
6.04007e-316
3.7935e-314
2.25031e-312
1.26207e-310
6.69856e-309
3.36784e-307
1.60543e-305
7.26264e-304
3.12061e-302
1.27467e-300
4.95369e-299
1.83312e-297
6.46432e-296
2.17403e-294
6.9782e-293
2.13934e-291
6.26882e-290
1.75698e-288
4.71329e-287
1.211e-285
2.98207e-284
7.04237e-283
1.59596e-281
3.4729e-280
7.26089e-279
1.45938e-277
2.82151e-276
5.2501e-275
9.40734e-274
1.6241e-272
2.70292e-271
4.33863e-270
6.72031e-269
1.00498e-267
1.45166e-266
2.02639e-265
2.73481e-264
3.57007e-263
4.50989e-262
5.51548e-261
6.53304e-260
7.49797e-259
8.34156e-258
8.99913e-257
9.41837e-256
9.56624e-255
9.43326e-254
9.03441e-253
8.40649e-252
7.60259e-251
6.6849e-250
5.71694e-249
4.75681e-248
3.8521e-247
3.03703e-246
2.33191e-245
1.7443e-244
1.27149e-243
9.03483e-243
6.25996e-242
4.23054e-241
2.78945e-240
1.79499e-239
1.12758e-238
6.91666e-238
4.14404e-237
2.42575e-236
1.38763e-235
7.75929e-235
4.24226e-234
2.26835e-233
1.18649e-232
6.07242e-232
3.04166e-231
1.49145e-230
7.16066e-230
3.36701e-229
1.55088e-228
6.99922e-228
3.09564e-227
1.34206e-226
5.70434e-226
2.3776e-225
9.71988e-225
3.89813e-224
1.53395e-223
5.92387e-223
2.24556e-222
8.357e-222
3.05394e-221
1.09606e-220
3.8641e-220
1.33838e-219
4.55515e-219
1.52368e-218
5.00982e-218
1.61943e-217
5.14736e-217
1.60901e-216
4.94713e-216
1.49636e-215
4.45324e-215
1.30418e-214
3.75911e-214
1.06655e-213
2.97917e-213
8.19377e-213
2.21927e-212
5.9202e-212
1.55568e-211
4.02738e-211
1.02731e-210
2.58233e-210
6.39753e-210
1.56228e-209
3.76104e-209
8.92715e-209
2.08943e-208
4.82285e-208
1.09798e-207
2.46578e-207
5.46299e-207
1.19419e-206
2.57595e-206
5.48361e-206
1.15216e-205
2.38957e-205
4.89259e-205
9.89044e-205
1.97422e-204
3.89156e-204
7.57611e-204
1.45682e-203
2.76726e-203
5.19301e-203
9.62843e-203
1.76402e-202
3.19376e-202
5.71473e-202
1.0107e-201
1.76695e-201
3.05381e-201
5.2181e-201
8.81608e-201
1.47289e-200
2.43351e-200
3.97651e-200
6.42711e-200
1.02756e-199
1.62525e-199
2.54321e-199
3.9376e-199
6.0326e-199
9.14608e-199
1.37233e-198
2.038e-198
2.99579e-198
4.35922e-198
6.2796e-198
8.95595e-198
1.26468e-197
1.76836e-197
2.44856e-197
3.35765e-197
4.5601e-197
6.13417e-197
8.17356e-197
1.07887e-196
1.41079e-196
1.82774e-196
2.34616e-196
2.98415e-196
3.76123e-196
4.69801e-196
5.81568e-196
7.13536e-196
8.67736e-196
1.04603e-195
1.24999e-195
1.48083e-195
1.73927e-195
2.02541e-195
2.33869e-195
2.67775e-195
3.04039e-195
3.42353e-195
3.82322e-195
4.23468e-195
4.65232e-195
5.06992e-195
5.48073e-195
5.87765e-195
6.25347e-195
6.60104e-195
6.91354e-195
7.18467e-195
7.40892e-195
7.58167e-195
7.69944e-195
7.75994e-195
7.7622e-195
7.70653e-195
7.59454e-195
7.42903e-195
7.21394e-195
6.95413e-195
6.65521e-195
6.32339e-195
5.96523e-195
5.58744e-195
5.19667e-195
4.79938e-195
4.40159e-195
4.00883e-195
3.62601e-195
3.25733e-195
2.90625e-195
2.5755e-195
2.26707e-195
1.98226e-195
1.72174e-195
1.4856e-195
1.27345e-195
1.08448e-195
9.17574e-196
7.71359e-196
6.44294e-196
5.34737e-196
4.41003e-196
3.61414e-196
2.94337e-196
2.3822e-196
1.91611e-196
1.53174e-196
1.21701e-196
9.6107e-197
7.54376e-197
5.88581e-197
4.56483e-197
3.51933e-197
2.69727e-197
2.0551e-197
1.55669e-197
1.17232e-197
8.77758e-198
6.53441e-198
4.83676e-198
3.55985e-198
2.60527e-198
1.89597e-198
1.37208e-198
9.87443e-199
7.06711e-199
5.03017e-199
3.56079e-199
2.50696e-199
1.75548e-199
1.22267e-199
8.47024e-200
5.83673e-200
4.00077e-200
2.72791e-200
1.85029e-200
1.2485e-200
8.38076e-201
5.5968e-201
3.7185e-201
2.458e-201
1.61655e-201
1.05781e-201
6.88718e-202
4.46177e-202
2.87617e-202
1.84491e-202
1.1776e-202
7.47994e-203
4.72806e-203
2.97417e-203
1.8619e-203
1.16002e-203
7.19286e-204
4.43894e-204
2.72651e-204
1.66684e-204
1.01427e-204
6.14318e-205
3.7036e-205
2.22257e-205
1.3277e-205
7.89523e-206
4.6737e-206
2.75421e-206
1.61579e-206
9.43697e-207
5.48719e-207
3.17649e-207
1.83076e-207
1.05055e-207
6.00215e-208
3.4144e-208
1.93396e-208
1.09073e-208
6.1253e-209
3.42525e-209
1.9073e-209
1.05759e-209
5.83972e-210
3.21112e-210
1.7584e-210
9.58922e-211
5.2079e-211
2.81686e-211
1.51739e-211
8.14084e-212
4.34998e-212
2.31506e-212
1.22715e-212
6.47901e-213
3.4072e-213
1.78474e-213
9.31208e-214
4.83975e-214
2.50559e-214
1.29216e-214
6.63819e-215
3.39717e-215
1.73192e-215
8.79604e-216
4.45045e-216
2.24329e-216
1.12652e-216
5.63601e-217
2.80926e-217
1.3951e-217
6.90272e-218
3.40286e-218
1.67141e-218
8.17982e-219
3.98873e-219
1.93804e-219
9.3828e-220
4.52641e-220
2.17587e-220
1.04226e-220
4.97494e-221
2.36635e-221
1.12164e-221
5.29807e-222
2.49391e-222
1.16989e-222
5.46919e-223
2.5481e-223
1.18313e-223
5.47493e-224
2.52499e-224
1.1606e-224
5.31686e-225
2.42762e-225
1.10476e-225
5.01098e-226
2.26542e-226
1.02083e-226
4.58506e-227
2.0527e-227
9.16018e-228
4.0746e-228
1.80665e-228
7.98505e-229
3.51804e-229
1.54508e-229
6.76444e-230
2.95223e-230
1.28443e-230
5.57085e-231
2.40871e-231
1.03827e-231
4.46166e-232
1.91142e-232
8.16377e-233
3.47622e-233
1.47574e-233
6.24605e-234
2.63571e-234
1.1089e-234
4.65153e-235
1.94541e-235
8.11235e-236
3.37291e-236
1.39827e-236
5.77977e-237
2.38215e-237
9.78974e-238
4.01164e-238
1.63918e-238
6.67867e-239
2.71341e-239
1.09929e-239
4.44098e-240
1.78906e-240
7.1871e-241
2.87919e-241
1.15021e-241
4.5823e-242
1.8205e-242
7.21281e-243
2.8499e-243
1.12297e-243
4.41295e-244
1.72947e-244
6.75969e-245
2.63496e-245
1.02438e-245
3.9718e-246
1.5359e-246
5.92364e-247
2.27861e-247
8.74203e-248
3.34517e-248
1.27671e-248
4.86006e-249
1.8453e-249
6.98832e-250
2.63976e-250
9.94595e-251
3.73785e-251
1.40119e-251
5.23927e-252
1.95413e-252
7.27018e-253
2.69806e-253
9.98793e-254
3.68827e-254
1.35861e-254
4.99228e-255
1.82994e-255
6.69131e-256
2.44078e-256
8.8816e-257
3.22406e-257
1.16753e-257
4.21786e-258
1.52012e-258
5.46544e-259
1.96039e-259
7.01506e-260
2.50436e-260
8.91952e-261
3.16934e-261
1.12353e-261
3.97364e-262
1.40213e-262
4.93611e-263
1.73373e-263
6.07554e-264
2.1242e-264
7.41001e-265
2.57903e-265
8.95597e-266
3.10307e-266
1.07274e-266
3.70023e-267
1.27348e-267
4.37315e-268
1.49842e-268
5.12292e-269
1.74761e-269
5.94871e-270
2.02047e-270
6.84759e-271
2.3157e-271
7.81426e-272
2.63123e-272
8.84096e-273
2.96423e-273
9.9174e-274
3.31103e-274
1.10308e-274
3.66723e-275
1.21662e-275
4.02776e-276
1.33066e-276
4.38696e-277
1.44332e-277
4.73873e-278
1.55263e-278
5.07672e-279
1.65657e-279
5.3945e-280
1.75311e-280
